29
10 5 3 2 17 3 16 15 8 8 18
10 0 3 11 12 6 15 3 19 5 9
10 0 3 0 2 8 16 7 8 17 19
10 6 3 13 3 0 7 9 6 11 4
10 15 3 3 0 3 7 7 14 8 19
10 3 3 7 3 3 9 13 17 0 4
10 15 3 9 16 0 3 8 9 5 4
10 3 3 0 14 8 8 7 11 15 18
10 9 3 7 4 4 11 11 7 0 19
10 6 3 7 19 16 17 5 8 14 4
10 0 3 7 2 0 14 11 2 15 4
10 0 3 17 2 8 17 16 5 14 4
10 0 3 2 8 3 11 19 8 8 4
10 0 3 3 13 9 9 8 6 5 18
10 10 15 16 2 1 3 11 9 9 8
10 12 16 15 3 15 4 2 9 3 9
10 12 12 12 17 3 15 3 9 0 9
10 16 7 9 3 19 3 18 0 3 4
10 2 9 0 15 9 8 15 7 14 3
10 5 16 8 0 17 16 8 19 16 16
10 3 17 13 15 17 14 3 6 9 5
10 4 13 9 13 16 19 15 9 12 12
10 16 9 12 19 15 19 11 9 1 17
10 9 0 16 14 14 9 9 5 18 15
10 0 12 5 17 15 17 2 10 11 7
10 8 14 4 16 7 6 14 16 15 11
10 5 6 14 0 17 17 13 19 9 17
10 14 9 9 7 12 11 13 3 0 1
10 10 9 0 2 13 10 7 15 14 7
